2 2
1
Ali
Mohammady
30800000000
989222222
math 20.000000 20.000000 20.000000 0.000000 0.000000 2.000000 2.000000 2.000000 0.000000
datastructure 1.000000 11.000000 11.000000 11.000000 1.000000 1.000000 1.000000 1.000000 1.000000 11.000000 1.000000 1.000000 1.000000 1.000000
2
Ali
Mohay
30800dss000000
989222221112
math 20.000000 20.000000 20.000000 0.000000 0.000000 2.000000 2.000000 2.000000 0.000000
datastructure 1.000000 11.000000 11.000000 11.000000 1.000000 1.000000 1.000000 1.000000 1.000000 11.000000 1.000000 1.000000 1.000000 1.000000

